0.0
0.05721157976118889
0.2839853036524746
0.3779527559055118
0.4256488250012265
0.4883461743470465
0.5402293145381447
0.5749016443054575
0.599453322119428
0.6151235549899247
0.6335049181998879
0.6528762595297756
0.6573967590172505
0.6625209030100334
0.6677129106507638
0.6794898819561551
0.6863892954212837
0.6888771744860306
0.6890590011977296
0.6996349153667442
0.6990808439523709
0.7081464483154273
0.7118716122861091
0.7125220458553793
0.7164194585623899
0.7231432877709059
0.728158940397351
0.7292811894665201
0.7359320968248978
0.7343364966182562
0.7339420654911839
0.7456950067476383
0.7447023208879919
0.7371868177565236
0.7417874648034206
0.7523592580540188
0.7490577889447236
