0.0
0.2186279213213625
0.3553927889823077
0.4463336875664187
0.48689480354879594
0.5113233556518315
0.5411884205180294
0.5569775149135777
0.5793125197098707
0.5872858853542979
0.5972094918016091
0.6122297189608458
0.6152811546221094
0.62015503875969
0.6306699958385351
0.6295078598582143
0.6448311156601843
0.6539788769214682
0.6456298266250703
0.6588494357280484
0.6567592497693964
0.6616851326977582
0.6664580073030777
0.6678748964374482
0.6692339289381803
0.6751847290640394
0.6790811183617168
0.6791013584117033
0.6824845878878931
0.6872997829905962
0.687939934303144
0.6933944660660021
0.6932790649133793
0.69306118262475
0.6946132668432808
0.7048614853939851
0.697042941630239
0.7004417008142195
0.7023383189382768
0.7054992384053783
0.7088674368307222
0.7022853929137481
0.7080510477390894
0.7089536590480183
0.7126701570680629
0.7139636096691313
0.7102539981185324
0.7159341235707543
0.717459324155194
0.7159658617818484
0.7159144151179135
0.7196565085349251
0.7139479905437353
0.7184801381692574
0.7240869748786152
0.7235044747998116
0.7246514075243357
0.7288510101010099
0.724933312411737
0.7267593851301893
0.7305839377415425
0.7274907460507793
0.7263655735148901
0.7350199733688416
0.7333821836072438
0.7286043105252146
0.7334637550890922
0.7306744929511031
0.7297771357820885
0.736864272928293
0.7366142148062097
0.7365096077915242
0.7377763772911087
0.7349372384937238
0.7393102004500969
0.7322461314020736
0.7375143963982829
0.7399248000847324
0.7399557102182853
0.7390869359170132
0.7367490247074123
0.7421582582107649
0.7455457164195028
0.7430152732691182
0.741030796909726
0.7464511669945239
0.7449319853914148
0.7479360994960866
0.7497899159663866
0.7433303632265842
0.75
0.7469414037347071
0.7478822532825073
