-----------------------------------------------------------
39
40
122
6
0
-----------------------------------------------------------
-----------------------------------------------------------
38
6
22
0
0
-----------------------------------------------------------
-----------------------------------------------------------
63
21
77
0
0
-----------------------------------------------------------
-----------------------------------------------------------
156
57
181
2
4
-----------------------------------------------------------
-----------------------------------------------------------
380
76
315
15
19
-----------------------------------------------------------
-----------------------------------------------------------
1001
162
385
25
174
-----------------------------------------------------------
-----------------------------------------------------------
1647
385
515
29
237
