0.0
0.21737931034482758
0.35644279376869914
0.4473657599352816
0.4885325756038157
0.5105902009926777
0.5415905863258268
0.5587680383458263
0.5828079024800338
0.5870569308215267
0.5981660723382578
0.6125571018803783
0.6164015699235695
0.6198957204067936
0.6304212492218302
0.6306657769108361
0.6448048293855835
0.6527799530148786
0.6477765865114616
0.6609899467120804
0.657967454712926
0.6639884631231974
0.6662153717975422
0.6682542969558914
0.67080426754206
0.677442528735632
0.6796116504854369
0.6810493794836886
0.683828861493836
0.6865177832919768
0.69142499478406
0.6947896112207349
0.6958789775691184
0.693651119786316
0.6969413233458177
0.7048059846079329
0.6977485350056544
0.70298769771529
0.7042134683330697
0.7059566407072194
0.7104373547432917
0.7065690440837643
0.7081560842392731
0.7117381726633799
0.7137846186063557
0.7147276254391024
0.7124634044332916
0.7183283456712344
0.7199623549095472
0.7170871261378412
0.7160891474881812
0.7199204854572087
0.714668039114771
0.720176036045476
0.7245673279864921
0.7237517010363236
0.7242287038012003
0.727989902177343
0.72599874503242
0.7285348922177566
0.729304591917801
0.7273770406300527
0.7249311938515863
0.7375690607734807
0.7338709677419355
0.7292788788370025
0.7342454175690666
0.7321269341725675
0.7301211028085545
0.7379335754513395
0.7367255470603744
0.7375953696395685
0.7387965495476542
0.7348346308584565
0.7403644742354418
0.7328363655319815
0.740534871525957
0.7416004239533651
0.7421668952421142
0.7397159389794845
0.7379378545776298
0.7434411547782108
0.7471976086260277
0.7448496140537663
0.7420431075570618
0.748658556021888
0.7463414634146341
0.7470228516253621
0.7492783288720937
0.7434324366839705
0.7491387077966819
0.7481505307172724
0.7476595969746656
0.7474033848262772
0.7452063359733221
0.7508521684409251
