0.0
0.04848484848484848
0.274652872311462
0.36814410038453754
0.43114311431143115
0.4884462921782848
0.5395163300922463
0.569859977838219
0.5986201084952862
0.6080356668966616
0.6322527782045373
0.6454535763777848
0.6530996599529166
0.6585135418853664
0.6648521329494896
0.6731568699678998
0.6833655807143231
0.6839334596757212
0.6858657794874461
0.6955223880597015
0.6978927602754017
0.707981220657277
0.7103161929096136
0.711735623211033
0.7157577019150707
0.7218916379580332
0.7242058213164476
0.7257268814946992
0.7331584470094439
0.7327444861691437
0.7357736404754393
0.745973408280186
0.7465329635161084
0.7415859122642493
0.7420047108086888
0.7518944556506569
0.7499344829393575
0.7530381944444444
0.7564595344864403
0.7559701492537313
0.7613642447930611
0.7574526460190999
0.7606823894325899
0.7628887942053685
0.7645677694770544
0.7651013817565778
0.7601771778105886
